
Dune.csv 8.896 2.026 348.9 268.375278295
[5.448, 6.23, 7.696, 9.82, 7.701, 10.872, 10.671, 8.666, 9.714, 12.145]
[915.0, 766.0, 280.0, 244.0, 478.0, 172.0, 127.0, 271.0, 109.0, 127.0]

Hipacc.csv 7.363 2.026 1218.4 711.385577588
[7.753, 5.882, 3.993, 11.732, 6.218, 9.135, 6.638, 8.056, 8.263, 5.957]
[699.0, 1706.0, 2872.0, 328.0, 1494.0, 964.0, 911.0, 646.0, 805.0, 1759.0]

JavaGC.csv 8.65 1.804 6746.7 7740.93659773
[7.548, 10.167, 11.64, 6.916, 8.307, 4.958, 9.456, 8.126, 10.032, 9.356]
[4679.0, 2011.0, 2678.0, 8681.0, 4679.0, 29358.0, 2678.0, 4679.0, 3345.0, 4679.0]

