
Apache.csv 9.098 30.1 2.569 11.6228223767
[9.107, 6.032, 6.804, 7.485, 8.051, 9.651, 10.065, 8.352, 15.851, 9.579]
[30.0, 30.0, 58.0, 20.0, 26.0, 22.0, 34.0, 41.0, 15.0, 25.0]


BerkeleyC.csv 5.665 10.7 0.63 1.26885775404
[6.211, 6.552, 4.713, 4.978, 5.714, 5.972, 5.904, 6.365, 5.494, 4.75]
[14.0, 12.0, 10.0, 10.0, 10.0, 11.0, 10.0, 10.0, 10.0, 10.0]


BerkeleyDB.csv 2.284 10.0 0.368 0.0
[2.553, 2.091, 3.014, 2.07, 2.255, 1.984, 1.727, 2.769, 2.259, 2.117]
[10.0, 10.0, 10.0, 10.0, 10.0, 10.0, 10.0, 10.0, 10.0, 10.0]


BerkeleyDBC.csv 9.679 51.0 9.569 9.43398113206
[9.131, 5.967, 4.39, 4.891, 10.067, 37.46, 9.982, 5.757, 2.205, 6.939]
[50.0, 50.0, 50.0, 60.0, 40.0, 30.0, 60.0, 60.0, 50.0, 60.0]

BerkeleyDBJ.csv 13.837 13.4 13.158 3.16859590355
[3.394, 27.496, 3.015, 25.031, 3.212, 3.876, 33.821, 2.997, 32.49, 3.043]
[11.0, 13.0, 11.0, 17.0, 11.0, 13.0, 21.0, 14.0, 13.0, 10.0]

clasp.csv 6.353 31.2 1.569 4.5782092569
[4.493, 7.709, 7.595, 6.77, 3.572, 5.799, 7.762, 4.825, 8.644, 6.365]
[36.0, 32.0, 38.0, 22.0, 26.0, 30.0, 28.0, 32.0, 34.0, 34.0]

Dune.csv 26.707 914.1 0.465 1.3
[26.385, 26.263, 26.116, 27.483, 26.655, 26.505, 27.344, 27.317, 26.478, 26.523]
[917.0, 913.0, 913.0, 913.0, 913.0, 913.0, 914.0, 915.0, 915.0, 915.0]


EPL.csv 5.06 10.5 1.322 1.5
[3.936, 4.063, 4.327, 4.412, 8.088, 4.262, 3.873, 5.179, 5.838, 6.621]
[10.0, 10.0, 10.0, 10.0, 10.0, 10.0, 10.0, 10.0, 10.0, 15.0]

Hipacc.csv 10.155 4387.8 1.082 1754.64422605
[12.402, 12.225, 9.538, 9.721, 9.527, 9.721, 9.564, 9.588, 9.602, 9.662]
[1335.0, 540.0, 5363.0, 4462.0, 5363.0, 5363.0, 5363.0, 5363.0, 5363.0, 5363.0]

JavaGC.csv 62.328 66628.3 0.262 3.06757233004
[62.237, 61.939, 62.441, 62.766, 62.374, 62.076, 62.734, 62.198, 62.075, 62.439]
[66630.0, 66631.0, 66627.0, 66635.0, 66626.0, 66629.0, 66623.0, 66628.0, 66627.0, 66627.0]

LinkedList.csv 3.775 10.0 0.613 0.0
[3.994, 3.693, 4.608, 3.414, 3.532, 3.369, 4.672, 2.608, 4.398, 3.461]
[10.0, 10.0, 10.0, 10.0, 10.0, 10.0, 10.0, 10.0, 10.0, 10.0]

lrzip.csv 8.222 86.2 5.588 30.7857109712
[3.301, 7.861, 7.537, 4.758, 14.185, 22.368, 4.21, 5.66, 4.077, 8.264]
[115.0, 54.0, 65.0, 109.0, 42.0, 49.0, 136.0, 107.0, 105.0, 80.0]

PKJab.csv 1.49 10.0 0.591 0.0
[0.674, 2.457, 1.168, 1.202, 1.689, 1.769, 1.026, 1.867, 0.742, 2.31]
[10.0, 10.0, 10.0, 10.0, 10.0, 10.0, 10.0, 10.0, 10.0, 10.0]

SQLite.csv 7.599 15.6 7.215 6.3749509802
[10.156, 1.597, 3.166, 20.569, 20.097, 2.354, 3.241, 11.568, 1.336, 1.907]
[12.0, 30.0, 13.0, 11.0, 10.0, 15.0, 12.0, 10.0, 24.0, 19.0]

Wget.csv 13.671 38.7 12.968 26.5633205756
[13.285, 5.787, 4.88, 10.467, 1.655, 13.028, 13.114, 1.653, 46.602, 26.236]
[37.0, 16.0, 11.0, 70.0, 69.0, 70.0, 12.0, 71.0, 10.0, 21.0]

AJStats.csv 3.599 118.9 2.452 126.327708758
[2.491, 10.593, 2.394, 2.444, 1.926, 2.529, 3.959, 4.386, 2.061, 3.206]
[10.0, 252.0, 10.0, 10.0, 131.0, 252.0, 10.0, 131.0, 373.0, 10.0]

