AJStats.csv 2.953 0.819 22.0 36.0
[2.214, 2.71, 2.788, 3.443, 3.826, 2.204, 1.938, 3.755, 4.458, 2.197]
[10.0, 10.0, 10.0, 10.0, 10.0, 130.0, 10.0, 10.0, 10.0, 10.0]

Apache.csv 8.353 0.812 34.1 20.6806673006
[8.068, 7.139, 9.041, 9.564, 7.745, 9.123, 8.831, 7.309, 8.992, 7.715]
[15.0, 49.0, 22.0, 19.0, 19.0, 10.0, 21.0, 62.0, 62.0, 62.0]


BerkeleyC.csv 5.741 0.808 10.4 0.663324958071
[5.835, 4.785, 5.377, 6.228, 5.58, 5.769, 7.71, 6.157, 5.075, 4.892]
[10.0, 10.0, 10.0, 10.0, 10.0, 12.0, 11.0, 10.0, 10.0, 11.0]


BerkeleyDB.csv 3.061 1.417 11.0 3.0
[2.811, 2.339, 2.081, 2.787, 3.272, 7.102, 3.435, 2.208, 2.377, 2.202]
[10.0, 20.0, 10.0, 10.0, 10.0, 10.0, 10.0, 10.0, 10.0, 10.0]


BerkeleyDBC.csv 5.432 3.079 71.0 23.4307490277
[8.043, 3.374, 8.514, 1.238, 8.565, 9.586, 5.812, 5.919, 2.066, 1.206]
[50.0, 90.0, 70.0, 120.0, 40.0, 40.0, 70.0, 70.0, 70.0, 90.0]


BerkeleyDBJ.csv 12.929 14.059 10.5 0.67082039325
[33.636, 33.449, 3.66, 4.222, 3.188, 4.171, 3.828, 3.745, 36.046, 3.347]
[11.0, 10.0, 10.0, 11.0, 10.0, 10.0, 10.0, 12.0, 11.0, 10.0]


clasp.csv 7.462 2.831 28.4 7.36478105581
[4.683, 4.168, 7.493, 9.128, 4.057, 7.961, 5.906, 8.669, 8.642, 13.917]
[28.0, 28.0, 36.0, 22.0, 40.0, 36.0, 22.0, 20.0, 34.0, 18.0]


Dune.csv 9.129 1.071 299.6 143.233515631
[10.271, 9.149, 7.489, 9.521, 7.441, 9.634, 9.11, 10.47, 10.203, 8.002]
[218.0, 242.0, 562.0, 314.0, 546.0, 346.0, 146.0, 210.0, 122.0, 290.0]


EPL.csv 6.23 1.851 13.4 5.27636238331
[8.578, 5.956, 3.078, 4.261, 7.398, 6.259, 9.386, 7.021, 4.593, 5.77]
[11.0, 10.0, 10.0, 26.0, 16.0, 20.0, 10.0, 10.0, 10.0, 11.0]

Hipacc.csv 7.097 0.944 1419.8 226.354058943
[7.248, 5.866, 6.092, 6.707, 9.433, 7.125, 7.727, 7.321, 6.823, 6.625]
[1335.0, 1653.0, 1759.0, 1706.0, 1123.0, 1282.0, 1335.0, 1070.0, 1388.0, 1547.0]

LinkedList.csv 5.097 3.798 10.1 0.3
[16.364, 3.075, 3.12, 4.144, 4.147, 3.487, 4.86, 3.676, 4.612, 3.487]
[11.0, 10.0, 10.0, 10.0, 10.0, 10.0, 10.0, 10.0, 10.0, 10.0]

lrzip.csv 8.459 3.101 113.8 22.595574788
[5.818, 9.913, 4.018, 10.216, 5.42, 13.108, 7.289, 13.358, 9.593, 5.858]
[158.0, 85.0, 141.0, 102.0, 113.0, 97.0, 102.0, 92.0, 111.0, 137.0]

PKJab.csv 0.99 0.366 10.0 0.0
[0.845, 0.824, 0.882, 0.58, 0.979, 1.77, 1.583, 0.863, 0.625, 0.95]
[10.0, 10.0, 10.0, 10.0, 10.0, 10.0, 10.0, 10.0, 10.0, 10.0]

SQLite.csv 5.421 5.31 19.1 5.78705451849
[1.987, 3.079, 2.434, 14.673, 9.504, 1.352, 1.176, 2.92, 1.717, 15.369]
[19.0, 13.0, 19.0, 10.0, 12.0, 29.0, 26.0, 21.0, 23.0, 19.0]

Wget.csv 12.883 10.932 21.8 14.4830935922
[19.118, 5.174, 10.468, 4.572, 2.701, 3.894, 3.101, 37.468, 21.01, 21.322]
[11.0, 13.0, 62.0, 29.0, 12.0, 25.0, 15.0, 15.0, 20.0, 16.0]

x264.csv 6.864 0.882 28.4 6.24819974073
[6.209, 6.129, 6.452, 7.976, 7.593, 6.658, 6.379, 5.441, 8.357, 7.447]
[34.0, 42.0, 30.0, 26.0, 22.0, 22.0, 26.0, 26.0, 22.0, 34.0]

ZipMe.csv 2.637 0.859 10.0 0.0
[3.683, 3.915, 1.36, 2.56, 1.948, 3.034, 1.193, 3.101, 2.639, 2.939]
[10.0, 10.0, 10.0, 10.0, 10.0, 10.0, 10.0, 10.0, 10.0, 10.0]

