. . . . . . . . . .
Apache.csv 9.336 1.241 16.0 0.0
BerkeleyC.csv 5.889 0.69 16.0 0.0
BerkeleyDB.csv 1.297 0.124 64.0 0.0
BerkeleyDBC.csv 5.215 2.553 64.0 0.0
BerkeleyDBJ.csv 12.997 15.312 16.0 0.0
clasp.csv 7.605 3.077 32.0 0.0
Dune.csv 17.482 6.328 32.0 0.0
EPL.csv 6.026 4.104 16.0 0.0
Hipacc.csv 16.003 1.414 128.0 0.0
LinkedList.csv 3.298 1.097 16.0 0.0
lrzip.csv 219.323 203.375 16.0 0.0
[116.352, 560.748, 46.79, 111.13, 33.255, 59.542, 59.776, 203.609, 486.617, 515.41]
[16.0, 16.0, 16.0, 16.0, 16.0, 16.0, 16.0, 16.0, 16.0, 16.0]

. . . . . . . . . .
PKJab.csv 1.225 0.489 8.0 0.0
[1.226, 0.762, 0.664, 2.245, 1.147, 2.023, 1.082, 1.215, 0.951, 0.935]
[8.0, 8.0, 8.0, 8.0, 8.0, 8.0, 8.0, 8.0, 8.0, 8.0]

. . . . . . . . . .
SQLite.csv 10.782 5.995 16.0 0.0
[13.916, 1.911, 13.5, 3.629, 2.063, 20.786, 11.478, 14.733, 10.541, 15.258]
[16.0, 16.0, 16.0, 16.0, 16.0, 16.0, 16.0, 16.0, 16.0, 16.0]

. . . . . . . . . .
Wget.csv 21.842 17.948 16.0 0.0
[38.658, 2.572, 19.319, 3.7, 4.926, 44.898, 2.806, 31.288, 17.671, 52.582]
[16.0, 16.0, 16.0, 16.0, 16.0, 16.0, 16.0, 16.0, 16.0, 16.0]

. . . . . . . . . .
x264.csv 6.603 0.882 32.0 0.0
[6.64, 6.455, 8.059, 6.797, 5.607, 6.91, 5.933, 5.326, 8.107, 6.196]
[32.0, 32.0, 32.0, 32.0, 32.0, 32.0, 32.0, 32.0, 32.0, 32.0]

. . . . . . . . . .
ZipMe.csv 3.171 1.433 8.0 0.0
[1.567, 1.533, 2.817, 3.839, 1.896, 2.513, 3.481, 6.406, 3.047, 4.615]
[8.0, 8.0, 8.0, 8.0, 8.0, 8.0, 8.0, 8.0, 8.0, 8.0]

. . . . . . . . . .
AJStats.csv 2.315 0.222 128.0 0.0
[2.421, 2.135, 2.049, 2.383, 2.594, 2.775, 2.156, 2.117, 2.178, 2.338]
[128.0, 128.0, 128.0, 128.0, 128.0, 128.0, 128.0, 128.0, 128.0, 128.0]

